chr	start	end	MB176	MB95	MB40	MB37	MB38	MB28	MB113	MB18	MB19	MB90	MB26	MB35	MB110	MB64	MB7	MB91	MB206	MB9	MB200	MB12	MB1M21	MB4M23	MB4M26	MB4M77	MB1M1
chr15	26003055	26004347	0.193679243864386	0.800554448876713	-0.482961853898655	0.729981915757005	0.188171880321179	-1.42872323815365	0.293849168363125	0.144749965887938	-0.594100194426114	-0.309706489065496	-2.17340438757715	-0.28648100605864	-0.132521418796714	1.33814935766757	0.106129126540748	0.77426690377379	-0.0663573460450981	-0.404810312143051	2.1247257537661	0.149896402196465	0.22222414565982	0.89412406432069	0.912630658850383	-0.589951035421949	1.31561985327029
chr15	26007354	26009802	0.665863838693074	1.3044401000192	0.763064931173878	0.756713639919536	1.4464213880797	-0.448529632327109	2.59828900301932	2.70746578030431	0.135851467266875	0.325832156041866	0.0807692819993071	0.998328822858988	1.62321631647977	2.26350604972694	0.583361569820023	2.09564936813728	2.20535505893586	2.09758069380911	3.26842378006719	2.10209125708187	0.62033304317989	0.899375066397689	0.166629921588714	1.93589146574231	-0.176598127640673
chr15	26012427	26015263	-1.30771701680015	1.09485660632576	-0.667382570213892	-0.0854222415125092	-0.264849785269446	-1.68198083514432	-0.137589770281585	0.066628822029613	-0.742198833415248	0.279259955063283	-2.30223091027247	-0.652858198177677	-0.928993934146614	0.735203640858277	-0.885587419468744	0.627760926023009	-0.0909643231046873	-0.760521765628095	-0.248515389519339	0.628366038379129	-0.239017877102647	-0.3854844164925	-1.43365429417581	-0.474425039596306	-0.871523457763996
chr15	26029266	26031477	-0.900542295038031	2.28833633574697	-0.892390791023257	1.35777244933024	0.415886220542001	0.357482023828923	1.00694746776965	1.16843563773074	-0.338924810433395	0.823732220000637	-0.603240559910651	-0.243729669519406	0.0158964984849798	0.651371642903354	-0.850802151567366	0.786476968505122	-0.558490450621314	0.20482530530457	1.54758572370204	1.53213249361227	-0.286984077362959	1.48191470750269	-0.705988400475382	-0.342243260286578	0.466386429119802
chr15	26034573	26035194	-0.17249982112618	2.12587549889176	-1.46905469402587	0.0142657958989666	-0.448796595632204	0.452487887921113	-0.195115446475786	0.00663937064829741	-0.436572881353789	-0.171484132799912	-0.658587985711766	-0.393731621712256	-0.144262616274301	-0.568055927237013	-0.851540447017552	-0.237954569973112	-0.374940340329974	0.23912499205515	0.49903189225497	0.705579129625326	0.277396293969978	0.0668772082238446	0.58187474093463	0.790953964321714	0.326648398424193
chr15	26037745	26038378	-0.959111804427505	1.70423525612268	0.252578665487481	-0.145788459254005	0.488489642990604	-0.285203214461835	0.507655054841327	-0.447730806433337	-0.58228550548429	0.422661600993631	-0.900434135821091	-0.51773419804454	-0.119747537224349	0.181738775290836	-0.877163591256706	-0.344501735014494	-0.0712060760534201	-0.522654092766253	0.699479358207169	0.790371448199496	-0.455774141259401	0.202358527108935	-0.321928094887362	0	0.0242651993445064
chr15	26038400	26040519	-1.27820658202159	2.52408503552854	-0.348635832022309	-0.49335188355659	0.0951146407747666	-1.18944584045932	1.34506830391777	-0.0786496956993844	0.265597761672171	1.46944353254611	-1.52889010466923	-1.23464387723572	-0.199532530113128	-0.805564595203035	-1.47883337418041	-0.50229225961544	-1.07063660591159	-0.551304585601907	1.6247657105231	2.45409627360091	-0.832867606795379	-1.12602851116122	-0.771762213680071	-0.259313364999134	0.308828699529569
chr15	26042340	26044763	0.923959573624094	3.01205621157689	-0.215789279909502	1.62861448618779	-0.129682204959798	0.145977918635211	3.06114235986208	0.345352233255848	-0.158681981627469	1.82907494169511	-2.07769304122982	-0.555112167478514	1.06860556098967	-0.200359440442677	-0.729571454969091	0.289170001026546	0.196208480047564	-0.0968646161742039	2.65542363552019	1.45065445643807	0.145562248730611	-0.594167926944781	-0.332488903226582	-0.468940264935266	-0.10285511147341
chr15	26056773	26057400	0.317089276176883	-0.574882075076797	-0.125698152201687	1.45471830652909	1.63220940375509	0.864563567560562	-0.105647578587294	-0.00502527734050124	0.440491552375387	1.01770429289917	-1.44054416630918	0.898885604699408	-0.261935889465398	0.803326773103222	-0.432481523042308	0.564419660022018	-0.590506727109758	0.176308492306624	0.538384624287649	-0.803176071950912	-0.354608909844518	-0.43268778216789	-0.459431618637297	0.0644051528312901	0.818384812485678
chr15	26092140	26093013	-0.459785138239587	0.786697416314655	-0.977068333292599	-0.727508291923921	-0.797039297615104	-0.780036313671554	0.483324679543939	-0.389239591451363	-0.437799658039826	-0.442480949832223	-1.13512693810327	-0.767304862032342	-1.35092494330199	-0.116307892500298	-1.08808748933408	-0.888567587627309	-0.70540377599095	-0.106552567007755	1.76238746629569	0.765456159222967	0.0926456549200085	-0.518085292497312	-0.404171392016379	0.356159411565461	-0.524921951718955
chr15	26093850	26095993	0.0816146049693665	2.05121435176994	-0.702408979622003	1.22467199000242	0.398220883212409	0.0354404642827909	0.766036833805707	0.28118430379172	-0.114982795517916	2.81101842798889	-1.71930279088728	0.88032642141012	0.336520370127082	0.295112391288631	0.736094986350469	1.28990269954479	-0.484581773018423	1.31322544782501	1.56436335296099	1.70655513747583	0.308862815854871	0.276637899017888	0.316365360203061	0.531059735064734	0.974857614273518
chr15	26104781	26106089	0.433675268856393	0.748097387213853	0.0383642694054239	1.33138539712965	1.02974308193812	0.409054685099439	0.229644118803904	-0.109187650745869	-1.10057951579672	0.694862671680742	-1.65640677309391	0.432346885012355	-0.36395651321675	1.45342970045238	-0.235017494051294	1.66775296921201	-0.72344026656388	0.59775785305133	-0.580873256403983	1.29137331717972	-0.557408656821794	-0.558920349251343	-0.993174217908965	-0.354333971239554	0.165566577284066
chr15	26106180	26108996	0.622496996368419	1.87094852454311	-0.239276823046357	2.53523798721352	2.00948403497522	0.804941000800144	0.819492331642739	1.67699246260933	0.406380472923159	2.40084833800438	-1.79192451050303	1.16832974491673	0.828089923796899	2.04946195919577	2.3858330307136	2.90183635872488	-0.925122585795234	1.51590357194021	1.08938525591003	2.720581425499	-0.659481888136488	0.433036516049921	0.0952527224390728	0.620017222633906	1.29073213479622
chr15	26177666	26179979	-0.164454495007242	2.78425029405408	1.36975256017508	1.73209283411951	1.725916146369	0.388080917260501	2.13712326105523	2.59140350071072	2.90421351217577	2.03110402366043	0.92346352272148	0.365417512444679	1.2640869741316	1.09909402565096	1.80769430372077	3.07289405811561	2.22923896134656	2.01979341147205	2.34453549728062	3.43432632265524	1.41405108465651	1.58252857184733	1.5783377613702	1.22339612748862	1.26585485052561
chr15	26192016	26194568	-1.70793229710686	3.29015090505133	-0.700619912227572	-0.288854215201353	-0.0777527785450872	-1.17461128454851	-0.631285924199049	1.36514835394579	-0.575149203249342	2.54159881322808	0.61596761700049	-0.811876656436444	0.590060825486847	0.670967931788615	0.211348086670912	2.34427333104691	0.270305729145046	3.27132710041125	-1.7455955610069	2.31491007816756	1.02401652873115	1.11033337795853	2.11504989863741	1.22722111872625	-0.0127576424426333
chr15	26194769	26195358	-1.72917024024403	1.00998794198127	-1.16169557593855	-0.779261598286035	-0.629368841274025	-0.820530606485302	-1.2193782768297	-0.447730806433337	-0.689200709400802	1.55098189167118	-1.14322655994481	-2.1596222848111	-0.727444759050114	-0.714120655747028	-0.106212156133168	0.499077075539551	-0.300904817663079	0.763191561094255	-1.20475589442081	0.476097283502558	-0.317098263715263	0.124894201667527	-0.791194515125626	-0.418780516494097	-0.420221446529591
chr15	26199188	26199820	-1.12361049416726	1.00777011080087	-0.295712123132572	0.345093815354592	-0.828015865365142	-1.66661103406123	-0.0295303536247348	1.6196330405687	-1.28521738337409	0.154942206192027	-1.43468721996218	-1.45337402179932	-0.597610541439981	-0.243939253131611	0.0658119562323713	-0.00303466643215917	0.464594987476779	1.30533322025707	-0.674160787117461	0.807846544374729	-0.216640786246757	0.874232130281449	-0.276113017189329	2.28978655896952	-0.176147977156281
chr15	26228787	26232255	-1.54062764640528	0.0438170811981434	1.1670941693326	1.45612547351979	1.24100273667503	2.60116147998633	1.28157083858469	1.28415046326053	-0.257941999921086	0.772165424101503	1.3253315259544	-1.26672871878111	0.91548188322838	2.82413821971956	1.47154006133172	3.25080692847565	1.88674530365469	0.659391168770052	-1.83191787703952	1.91385555354315	1.8839858655215	-0.725317134494507	1.1478849898617	1.98933132471412	-0.44415518361709
chr15	26261340	26262250	-1.03464516522857	0.197051766814662	-0.241496649722901	-0.405580197036559	-0.742939628036277	-0.555689303366114	-1.05081593508145	0.480595249805824	-1.22629555284611	-0.354168355929978	-0.544083177952728	-1.02560937593154	-0.9163248555359	1.19885102371676	0.915977642609055	1.72817620702966	0.58785682319852	-0.0263605011360527	-1.13718830690989	-0.463164938954366	-0.77777585434018	-0.0176502828890465	-0.0430233877529527	0.885414539480595	-0.379966755329964
chr15	26272586	26275721	-2.92201290591592	3.13496405603597	0.182075722590153	-1.53716408120901	0.0319116794059242	-1.35927251811037	-1.56535372493914	0.0584408606383302	-0.898778994838535	3.17819103104235	0.583618812883706	-1.29696512225836	-0.137013437546747	0.716045838601937	-1.40088035125438	-0.119339322068352	-1.47684285682	1.57755012308446	-1.43618747429326	2.55816010794479	0.724456246872239	-0.596988521686212	1.02622487968085	0.767789500088955	-0.128472179686512
chr15	26281360	26285099	0.0188975444482392	3.02256530983232	-0.590494123421411	0.560082380006272	0.285257216994772	-1.18413556528725	1.34956487023146	0.968648637532606	-2.12318180220414	3.06146309940402	0.38008811925959	-0.859489170791665	-0.555970012589876	0.133862329875432	-0.0390384279713478	1.10817946164892	1.78482126816582	3.83074696656645	-0.135408788541349	2.37680662498176	0.380294603973071	0.0938955892528492	1.55719983227858	0.837044810440419	-0.539168207025381
chr15	26295076	26298938	-1.28949149208786	2.38869819684255	-0.266973866304484	0.0541814236354409	1.15255672830924	-0.607212056654888	0.0298254908564584	0.305403366712146	0.361902983438512	3.56962858949741	1.98383428483527	-0.650701476846859	0.270499960182362	1.32500608277272	0.843349969762534	2.40032207179564	0.170812321297944	2.09868521917836	-0.477443045251567	2.13295248053457	1.43538152079593	0.811589779755206	1.71079810204145	-0.208070492610437	0.602617315984765
chr15	26304519	26319090	-1.9908770865958	4.03583610386157	0.226258717028031	-2.94653221186576	0.815308834343943	-3.21999936824041	-1.34520733160752	2.25450329818682	-0.37796902827842	3.48606386210935	1.8942102932794	-2.01702618509087	0.671332543082598	0.154028231539534	-0.474701268878642	1.63333287464794	-2.13368865874957	5.01140512941756	-2.06446589105157	2.46713206560024	1.76537583148739	2.41805246708189	3.62317928476883	2.21919917499182	-0.273323367607815
chr15	26324861	26330427	3.21122860079697	3.47760999600827	3.90058854052556	4.68433936407497	4.35206246513196	4.1306349455592	3.08448182428129	4.71037438053388	4.24068971113866	4.87746970881243	4.68397532083766	4.04598377487796	4.09817211850519	3.97405202852905	4.02465701670087	4.12235314723666	4.24632082406591	4.54969163134225	3.31033148839759	4.67698164986123	3.76718093564988	4.27450438799466	4.32374583594151	3.35032568428161	3.26557702974544
chr15	26330649	26333702	-1.65196779954318	2.65352233283767	-2.00553162270025	-2.13534389115383	-1.35852809432566	-1.91765505404549	-1.17853688355513	-0.134585707652903	-1.44453964761056	2.46296302721644	-0.458975662525352	-1.56974458397094	-1.24848298562874	-0.902488646135825	-2.39080242499322	-0.332881142552935	-1.50859231674015	3.59297556009312	-1.15046009985254	0.30876915444704	0.699029760615173	0.799385162083674	2.22142711066272	0.206904232579866	-0.840003688159229
chr15	26338487	26339530	-1.73466082172559	0.833291595750744	-2.21976449270822	-0.792344177437122	-1.22410192311578	-1.81765493247508	-1.64050805701185	-0.355087484885244	-1.64697128887495	0.533327271635502	-2.62723787951783	-1.18160362994224	-1.57939503716628	-1.05815909745174	-2.2048132156256	-1.70121153908145	-1.25223617392959	2.76791655090839	-1.77390546692349	-1.24077251761792	0.264624252377539	1.00112822436179	0.858246151276346	1.2479846188653	-0.472763381772187
chr15	26353964	26354965	-1.50468164109359	0.491787850335288	-0.385587584398525	-1.42669888677903	-1.03145684517338	-1.91287340978792	-1.36432173244907	-0.757328720328982	-1.1180414242295	0.692252005293883	2.14501840868627	-1.69480394366484	-0.919487356174799	-0.775204091475656	-1.63025828657529	-1.64457862654055	-1.23190562554809	0.105394435234084	-1.58237580519903	0.888701632686756	-0.552678704587709	-0.28068468872284	0.726404785826986	-0.200121426382124	-0.980368975742751
chr15	26368910	26372117	-2.34897282187209	2.47852912528497	-0.939348470183942	-0.185012373135495	-0.933019003396832	-2.02547360530489	-1.86726838345067	-0.558216742470086	-2.18940884004759	2.54115987246035	-1.87272534250539	0.789095276149162	-0.600265868930078	-0.697641075332927	-1.85400653413883	-0.897096049395614	-1.34323405323788	4.01371761357839	-1.45117005062845	0.815637210900303	0.398094084262647	0.130511259896159	0.883683841232498	0.785076468904403	-0.741660500915653
chr15	26372163	26398073	-2.86593420085913	4.81335739328661	-0.0543796567333665	-2.15071370134647	1.13469214638253	-3.26071930103658	-2.40643338758605	0.493225019326135	-2.22622951507943	4.34601121171634	0.0754035260082385	-1.58866601267703	1.23445439380009	-1.31857664432312	-2.19797865208517	-0.967231274524024	-1.80592209754414	5.54287001418141	-2.81365504504022	2.9954616133449	2.10611760560082	2.10563467866636	3.86797942987444	2.75312472630662	-1.37556287179602
chr15	26398411	26409803	-1.32246770621074	5.0597403340038	0.245447541635208	-1.27931636389799	1.36286251200741	-2.11627742222657	-2.2822522690503	1.11251145555274	-0.90845695519845	5.12861512779601	0.688639566357454	-1.49986826410052	1.29902651568449	0.324079890396803	-1.42242462112909	-0.0534312267441351	-0.972239139647918	5.33113324780127	-2.18808791314488	4.16133751635223	1.88493379076961	0.657520511509847	4.51674912082215	2.59740140096297	-0.424617398496674
chr15	26413821	26415191	-1.14969832100443	1.67301643055833	-0.94418630195756	-1.06981978695022	-0.747998090331568	-2.13921662095866	-1.27700476633246	-0.921319940119311	-1.32414788716229	2.26006191758047	-2.56184139270101	-0.90386811655482	-1.40734076164159	-0.918987437081796	-1.56071908126868	-1.123335744982	-0.908871267830035	0.820150274387778	-2.20886256374487	1.26039657403468	-0.0540638578814692	-0.877295209406628	-0.0832810892145623	-0.316172145940074	-0.430430715958977
chr15	26415351	26415975	-0.959111804427505	0.633572478101795	-1.67750805143369	-0.902833698088993	-1.17014683591903	-1.86335688700264	-1.29389279250813	-0.78243915602797	-0.906705760120356	1.97500291618589	-1.10635829545347	-1.03833652252047	-1.2619358894654	-0.277692843346461	-1.09286901729402	-0.356463484125029	-1.41657017014154	0.44472694486751	-1.20998858794312	0.276826896955187	-0.133846046372039	-0.602612783610203	0.336647068961174	-0.00299519025832156	-0.728689000185059
chr15	26416125	26417182	-1.39202430959159	0.719617518257762	-1.48316552221423	-0.823793992631346	-1.35746176798481	-1.48137725742312	-1.24766243288086	-0.946945390330926	-1.38841728382516	2.22324021006755	-1.39555357987797	-1.74235615615806	-0.558407012160661	-0.0860894331339855	-1.34764857203896	-1.26707921088104	-0.855627482205563	-0.274372595467965	-1.34758037191593	0.504776955288912	-0.469101357160313	-1.25251913804324	-0.364951482640315	-0.593267167977765	-0.53416392643633
chr15	26418778	26426031	-1.80025359477675	3.48904471484512	0.502036827270273	-0.825945483060231	0.828165689102246	-1.39542513006735	-2.23664988243408	0.16295529987682	-0.142361007972582	4.0062780343109	-0.601785565398468	-0.881149938119726	0.584003221317548	0.922643283079373	-0.835588620119586	1.59066599517074	-0.544094786088036	3.66127302527701	-1.93968663955832	2.89664709029113	0.565385258069951	0.639543602250912	2.20019284060276	0.317530745426348	-0.818671228102531
chr15	26432365	26434794	-1.4308469834	0.186720783808005	-0.321730172420993	-1.3317185082395	-0.860250043963965	-2.23808205347525	-2.02608645175449	-0.312217351267372	1.00385204039369	2.2779725839756	0.856819233221432	-2.14456610282922	-0.659768421661583	0.356910710096528	-1.97915207029177	-0.841043499711288	-1.78906300798677	0.895769406758761	-1.00948315601532	2.72667329314343	0.394338764199986	0.155515553033017	0.646197762659394	0.618522576315073	-0.102771746744929
chr15	26440919	26448012	0.446873581108006	3.91061917022447	0.234321620876886	-0.576088517383285	0.940320534967881	-2.23801387214454	-1.24007520879462	-0.252273027249833	0.315121845475725	4.27973943897423	0.584107492805988	1.45581079311438	1.13279452520499	1.62840299376504	-0.195676927925547	0.395427740050893	-1.09735658952444	2.67580339510115	0.477624776888311	2.72215801715352	1.37709950624908	0.875608137162477	3.3766380140012	1.0813464693432	-0.48708058120968
chr15	26457241	26457834	0.558426780081982	0.50938197110864	-1.50758304999138	-0.979700961500312	-0.405193259671973	-0.820088568015068	-1.38658731787804	0.874939495170531	-0.716680800546524	0.445864430385162	0.285616738859069	-0.392678832298254	-0.0994135364370716	0.00847778622449072	-0.557145195172669	0.558190957590885	-0.885885237065906	2.07848682899397	-0.881331562192814	0.252086576831305	1.18808204851532	1.04923475380978	1.35105449272614	0.716481849410983	-0.728689000185059
chr15	26479940	26481193	-1.66267638784162	2.10388364654921	0.497629190407305	-0.530993367756973	0.0586441276654779	-1.67186531028413	-1.25343046047189	1.07019202718593	2.39636360993993	1.94186589536535	-0.27111215834622	0.0855087915962467	0.16325561969003	0.516272409425709	-0.834762919008031	-0.0637816184661606	1.27612682251114	2.56105308694251	-0.280063512083807	1.87946535505217	1.21518084707513	0.90553730002467	2.18471253248834	1.19533109091448	-1.16237532025734
chr15	26487421	26488485	-1.3689558263587	-0.616794250672524	-0.285190628654931	-0.847427365613768	-0.633400038676289	-1.97287441100373	-1.29673446775073	-0.851476154684171	-0.388417283825161	-1.11249225037686	-0.647176670916832	-1.7665661306634	-1.55265239397755	1.24249657534616	-1.55952876933625	1.66834169956005	-0.995017676672932	-0.330567020060649	-1.10639474827819	-0.647226138156138	-0.140345933724888	-1.12602851116122	0.318079256486788	-0.424705420478551	-1.03949512454871
chr15	26504855	26505866	-1.44620574592862	1.59619947266167	-1.73185139392021	-0.229053517843111	-0.293466256097914	-1.81724365358532	-0.749892993528484	-0.246346651226866	-0.175286316577218	1.42550499388981	-1.14680606257558	-1.05627425756691	0.18303241100327	0.258130041121318	-1.09169134887565	-0.864226737880259	-1.40069670720042	0.715674516985855	-0.826244271167082	1.24881252078559	0.873841769072956	1.0557117887217	2.62759554066383	1.37591646504287	-0.816699480568079
chr15	26538900	26539582	-1.2221462102613	0.786697416314655	-0.119667560123982	1.85205380407448	-1.02799532044351	0.180290429931016	-0.636675261813033	0.506269987004624	-0.641468342650813	1.14833198459921	-1.84286724522742	0.756184553616229	-1.06319984538996	-0.46137255892639	-0.558267367702557	0.499077075539551	0.0950238586680604	0.764764838894369	-1.23922861934888	-0.0622636374349823	1.36097364139737	1.27214430383055	0.433556473906724	0.815025211589197	-0.0952457640852725
chr15	26600497	26601489	-1.55769349030762	-0.34837350337782	-1.08882444438244	-0.699445766113716	-0.941355872334522	-1.14065180408727	0.603355276104677	-0.0860846497438927	-1.82525806951475	1.03014972836974	-1.18729774524315	-0.70368128104418	-0.904840421112411	-0.506999560838469	-1.14603148691516	1.10877282081722	-0.115527287393389	-0.179849725612222	2.05435346115805	0.291266179095182	1.30022665766109	1.22442987521844	0.662505624390626	0.581219483505903	-0.646080210128011
chr15	26618867	26619836	-2.26068691767911	-0.295764743877318	-1.86172414176559	-1.28619304712552	-1.57985418932126	0.148063060248333	-1.6568529534349	-0.452874096531136	-1.58370455368556	-0.845057793807973	-2.15145309700919	-1.0602976079066	-1.46619071116166	0.915368381833009	-1.39228059001933	0.485336172281427	-1.16615336046336	0.11807170050288	-1.22061757614287	-1.04077296068589	2.6172462968546	1.0557117887217	-0.0689438666224595	1.368326028332	-0.865763917962505
chr15	26620035	26621551	-1.17258964192682	-0.64820419751554	-1.54139922156213	-0.973267387609486	-0.750291541194983	1.12005620941003	-1.54383639272111	-0.32465138105318	-1.96297970207287	-0.349382475019612	-2.4893472057494	-1.90954349818428	-0.6881038390053	0.724595475474687	-0.0480144166731395	1.80725684538338	-1.47886224205018	-0.910297081357795	-2.07043947728603	-1.51517322116609	2.57085457925563	1.27069088100926	0.901327860924218	1.78430922880386	-0.519801217734345
chr15	26632588	26633904	-1.63496038059384	0.183564618017552	-1.21305292970451	-1.31066615610908	-1.16303558961041	-0.720943231501634	-0.415890254211193	-0.166847170114915	-1.34161040488635	0.321016429914001	-1.88448756011931	-1.77069677747593	-0.707727473363697	-0.427245669666513	-2.3699425115605	-0.382489256779757	-1.42323527476481	-0.606868796873486	2.27423466591156	-0.854859652454215	-0.406978774298167	0.663472072085105	0.0280834229829878	0.273697251373488	-0.594091560682811
chr15	26635219	26638973	-1.45699961132843	2.63867304814326	-1.47297870042308	-0.822076234456493	-0.456469303595395	-0.921865844072211	1.45676392954306	-1.18299920227881	-1.01067005341525	3.57163420984273	-0.878559905862101	-1.58976292693543	-0.647128343266258	0.324736863080642	-1.10982737306412	-0.372470857605614	-1.63932727324466	1.30107028276243	2.79900286983107	0.94348790428863	1.37526052835836	1.22310235435478	0.862679315383626	1.82660765499733	-0.573640009952016
chr15	26682496	26684040	0.798319187192112	0.615632294787446	0.0964062760462846	-1.20402463907953	-0.0110324961653618	-1.83784020392417	2.42931253604299	-0.679660505091472	-1.09156778576893	1.32674478582141	-1.89674306625482	-1.7169684056027	-0.726332290181031	-0.535373140370167	-1.03218603798724	0.150147603314856	-0.973508282520961	-0.422952658600182	0.957747408791327	1.30100312441568	-0.72890686918553	-0.199223304293991	-0.34931802813424	-0.424376896724547	-0.557149285409376
chr15	26686819	26688823	0.0691628469994012	-1.51494707923767	2.06190990902901	-1.30705009674141	-0.604895988876774	-0.780879146263725	-0.317258788302933	1.85712907837348	-0.773310959386856	0.319369237841187	0.295679561071716	-2.93525907194173	-1.02203643057384	-0.0960830246464743	-1.58037988372513	0.292626311757049	-2.14259706521089	1.40940323581422	-1.54017829040106	1.87248112137955	0.708519858613649	0.260208314343307	0.465610172888895	1.82837751091564	-1.11066703086051
chr15	26721164	26723316	-2.29843284771235	1.19955840561275	-0.654015689112096	-1.64407974420544	-1.07295277101388	-2.15100448738875	-2.15107858199646	1.50349212375878	-1.07924684097249	2.86132967165707	-0.645120705451949	-2.27906916835219	-0.398939810947818	-0.303022156077454	-1.32616001085473	-0.487865932913283	-1.43599018420326	1.46610812647184	-1.38371111988261	0.840869074803269	2.22816908282033	1.14900798814708	1.18443919878932	2.50672302197147	-0.211905593022145
chr15	26730824	26732901	-1.44960832625147	2.46971498575057	0.649440830369709	-1.65832385935931	-0.821989777360298	-2.31295076175392	-0.846216228953534	0.460860168337595	0.23817235983582	2.03792587677646	0.744128389737183	-2.28293056393004	0.29585714679612	0.424840542354396	-1.06580671089537	-0.0627557937019847	-2.10866669490105	1.94768391376978	-2.76975706262068	1.46796476115493	2.80372970033769	0.548143105683984	1.20268505215481	2.87153603074516	-0.962405763895635
chr15	26817422	26819173	-0.929412110225581	1.63403959593237	-0.246059979867064	0.240010042339683	-0.656966437961438	-1.0801135150287	0.0170691530649136	0.67346927943607	0.235515220885164	1.9333906323059	-1.11799477555954	0.698167897525278	-0.112079802591565	0.212039270715858	-1.42893559458429	0.952738385486311	-0.790045544999855	2.42021863345968	-1.27265979397607	-0.258575138732331	2.69869369202029	2.1221886721068	1.18060707950084	1.80341340981968	0.402463561505494
chr15	26820594	26823342	-2.25506767397746	-0.122369689274613	-1.52856191208184	-1.22382749892042	-2.263824225653	-2.37255066216042	-1.18829188775896	-1.23637136380814	-1.96832377983197	1.33747694999747	-1.98702223127079	-1.52932650571029	-1.86636584760308	-0.817595328907212	-1.85947624321004	-1.20463795668858	-1.32783437444015	-0.0407006559975547	-1.01266790295261	-0.438124900052969	0.340225123987155	-0.07185330024186	-0.144064488898585	-0.10430944806538	-0.625378349841334
chr15	26873434	26875859	-0.750456653205267	1.07417550021325	-0.652479432432663	-0.592151420974858	-0.767685240503044	-1.53983331071341	2.52194677288185	-0.220915165213969	1.85224006384587	1.46501054855966	-1.7019342264435	-0.896201085483455	-0.805664780055991	-0.398307088066428	-0.728811627188755	-0.100878021457878	-0.688366357554842	0.656165608960307	-1.28577134571801	0.0410202906553569	0.959134956631649	0.474142524240207	-0.151406026814432	-0.493013617936725	-0.648681035452989
chr15	26877188	26877767	-1.2331078063836	1.55938804281695	-0.362068886998251	0.264398662823344	-1.15352620252737	-1.10372127735435	-0.671890481527211	-0.111304463998083	-1.13066970413295	1.21769697880534	-1.10635829545347	-0.911694771367517	-0.494376050375273	-0.434012736554292	-0.522819681200198	-0.535116013528896	0.0915436422398599	0.762281499612548	-0.826244271167082	-0.220084753695562	1.24466557688169	2.19628146979279	0.658575163848536	0.581219483505903	-0.802197316970962
chr15	26878083	26879937	-0.961689869457894	1.71739947674012	-0.421207034970158	-0.683319856584686	-1.44209477458557	-1.69690010052018	-0.099181847551626	0.844529041593842	-1.02809749626462	1.94161762339601	-1.51730719818319	-0.768204565419121	-0.707727473363697	-0.476114320582424	-0.314278078018057	-0.32606928101545	-0.701254663386624	1.93961742078453	-1.26325198383402	-0.083472724036085	1.26985039321641	3.11333772794782	1.26868232374645	1.05446855507463	-0.888239886850519
chr15	26881696	26883985	-0.987240331924389	1.46991545109388	-1.67812532972984	-1.07569431259583	-0.97413611797047	-1.17401290134616	-0.508132333224085	0.250635128564594	-1.5138856503222	1.35712792482266	-0.0645516727221216	-0.608455142468381	-0.884200291924765	-1.40061487214699	-1.78701562724329	0.140912481544263	-0.930691967521337	1.50198895677884	-1.37174489401515	-0.0959637786256692	0.893825316576027	1.31079377851093	1.10011137300477	0.576421258269988	-0.769901046143031
chr15	26886005	26886593	1.11739760533653	0.585582597116449	0.410921545392431	-0.570696704822189	-0.363855583989312	-0.220608905057535	-0.292564759458529	0.168971631559133	-0.519682637011109	0.937717526714837	0.30753822479797	0.378060197392726	0.620913682482329	0.864573049337896	0.444323579486101	2.03741585861405	0.483405315855275	0.514353986168963	-0.79969166920132	-0.000998074424289043	0.520324807919449	1.85710680455171	0.587398457241315	0.957489948914778	0.0939644330024484
chr15	26892568	26893490	1.0408881955725	-0.247380977608032	-1.34812812130737	0.846840562015903	-0.41762934451511	0.398300927586959	1.42989150040135	-0.630790549966994	-1.16483618225677	0.705786332302911	-1.27476058649349	1.92901722604166	-0.672853038189349	-0.0693506677276865	-0.514943683234281	-0.632569462602317	-0.37914025516857	-0.153125153140703	-0.00986241053086517	-1.61587080391765	0.364859135220318	-0.12956901531313	-0.0605985357872709	-0.00641066781924686	-1.63537634805655
chr15	26904062	26908861	1.47990057378201	2.83790885765065	-1.05611528758502	1.57045276493896	-1.03510877948252	1.3137886078496	2.39586975603704	2.20606048137393	-1.85839417049558	2.98314497044713	0.192346741764233	0.97972802586408	-0.855086833259014	0.622730760854086	-0.843790755222891	-0.164023288099046	0.890312466852097	3.13688988499799	2.31640477812993	-0.277278967706968	2.36450160185877	2.27943191619198	2.21280010292085	2.2988267220209	-0.568573255367633
chr15	26910975	26912172	1.64617004340303	1.82156836083733	0.0792791398246156	0.244877670489301	-0.255892888073102	0.720353820631942	0.206193604399549	0.771955820569189	-1.3924797842715	2.40830030676611	0.48134624220914	0.356816284841887	-0.478914764788817	0.623187429309363	0.73838364968204	1.24115337191354	-0.261706420176124	2.21649602276011	-0.750196799886291	0.799467841236885	1.67760815564116	1.08053718855157	1.41196732313455	0.461435432723478	-0.633098138642675
chr15	26927543	26928291	-0.229041891852216	-0.638011336870792	-0.595079065206176	0.18167511468298	-1.02042316178554	1.76507043773124	-1.27192620854427	-0.184696400599543	-0.906705760120356	0.11687478546058	-1.59178512262372	1.20959099092311	-0.612637353696273	0.245061477866933	-0.144831459405052	0.147869704651765	1.52406837698737	0.0740196786340661	-1.0916769215799	-0.531556646687866	-0.317098263715263	0.478595181297978	-0.34931802813424	0.668682324756243	0.0196310242572487
chr15	26935890	26936502	-1.10903974987912	-0.143193798779354	-0.612312200668173	-1.08782888281623	-0.693207492150527	1.78325246202094	-0.863254505521938	-0.0237627925178751	-0.326065721912482	0.171122833997666	-1.69246177520203	-0.254699792210746	-0.940007794578036	0.0455673640633733	-0.663378653955157	-0.356463484125029	0.614266185958951	0.627261315144434	-0.379797764396043	-0.985691358846957	0.257047021600869	-0.26341721266579	-1	0.668682324756243	-1.02563471893798
chr15	26940445	26944868	1.97235490557402	1.07784954783568	-2.63329122897873	2.37965513882178	-2.63600409079715	3.75570383010332	3.01450485478944	0.547867295287585	-0.15108666717815	0.372326202123661	-2.21614024038612	3.42105632730141	-1.56913844196916	-0.988451692458517	-0.922204281080278	0.0875953587146979	4.09553295275811	1.39680911388894	3.7696461119712	-2.01268607193462	2.27859212079456	1.67322072617579	1.47249182542502	2.36073559243103	-1.15323886599246
chr15	26955842	26959462	-1.04761679996007	0.819283022701559	-1.85835972446206	2.85435449904722	-1.81712367522388	3.5907210701525	0.593951115742016	-0.488090811667736	-0.994243224234002	1.70623411710213	-2.59956966618124	2.66205325474091	-1.77053091617903	-0.910746770484308	-1.35497912320656	-0.940867201425295	3.4184837802249	-0.201676772855408	0.298678548131382	-0.53719085712102	-0.165935198453126	-0.237459476381679	-0.0408720087911823	-0.395784766339113	-0.58236003869347
chr15	26975834	26976587	-1.51044052735157	0.949770697333372	-1.6911297832101	-0.277845116780176	-1.57985418932126	-0.853770216890631	0.719702218795786	-0.735998937264235	-0.55354411146665	1.55615786557876	-1.23957471328359	-1.12726794576264	-1.04574695578057	-0.357315992004093	-1.14430805794647	-0.356463484125029	-0.498862113956659	0.477345907233747	-0.198588851574028	-0.261932703427258	0.154373175796477	-0.353544758859599	0.568795607365131	-0.354333971239554	0.0159619210011751
